1.844962866485928110
1.737895940417764074
1.773330374371023144
1.947119622491376933
1.725011393310112329
1.959363964864792251
1.731085658230002711
1.973683520048313822
1.640059025855772790
1.699317526626153541
1.670505961573896636
1.989216462810859287
1.601662019252100722
1.824750391329393207
1.730567810980887300
1.871263771950543386
1.862110160110609369
1.801091152544079588
1.964830314360047403
1.809759979074873071
1.753918298184447888
1.780272329492649686
1.639835820182417470
1.634241613722021480
1.886650152241863054
1.894497270438899594
1.819873661122018982
1.987287531837801380
1.719596089748291812
1.982263924634252383
1.824799909541779730
1.960158146913870691
1.851322697573527076
1.948054368081959309
1.867152578642748972
1.870695145909322177
1.924149107053342300
1.667347547757001891
1.900622444148023948
1.883057468210963092
1.885839027858416506
1.732674214232289067
1.990068683829309570
1.622488046033137232
1.674900315706459475
1.689458653992404580
1.898825143896833989
1.794099903138940633
1.826325834266110837
1.779539654697495310
1.898225429127379460
1.974960386437552895
1.636033777307108306
1.840968969458556703
1.678231514370901234
1.958334448773659142
1.922236396666043845
1.880982641385966270
1.833663246849394302
1.770584890859048244
1.681246305008226249
1.693510430865905469
1.621586312133220353
1.934439024436835908
1.760374052327292382
1.739408476276201432
1.693517953711516366
1.794755927058033551
1.870202669028838249
1.801597612766103307
1.733646262467243515
1.899588113636601738
1.807245916802202590
1.764022213889534063
1.828703262651026673
1.793263971093957077
1.886950958207149087
1.888150143001215753
1.781853126635252194
1.928974380266866406
1.776920814046862418
1.757131163763826498
1.943392238532681615
1.938544326730195388
1.652452479478586644
1.693786657769232429
1.660629161263770914
1.949403989979286766
1.773737561272425323
1.833631012263926330
1.885265632044386797
1.620945827396337302
1.998906116848570225
1.726110081578123623
1.865934217326449929
1.995208238891771124
1.750431672869513733
1.776325505133296234
1.988739796229712642
1.719867029533760139
1.840639296576899397
1.943665179398543996
1.846057045368081351
1.950063509327576217
1.661152886592155431
1.753202813041449870
1.613412762228116692
1.690044836366449088
1.613460326481671148
1.864194573066094929
1.741998872359621808
1.673731557735791409
1.947744140517272848
1.956600892142385195
1.805821472361758495
1.722404491915855873
1.989013386428289287
1.730599438179130756
1.790237580650533067
1.756151336794523621
1.818538404369867356
1.629585718800409033
1.722377651524808373
1.724087388410167954
1.735552665621153734
1.987000866564954116
1.778225812435564990
1.922575100724986497
1.921284214361701492
1.885496905922742439
1.815939668138686347
1.785054311471794719
1.872408904358705772
1.737477329546352811
1.862369523583099262
1.935902950271900735
1.688363628046793741
1.796828475761246491
1.715985273902458585
1.678631942877270466
1.859031986516560986
1.883363856930804880
1.705368575906885509
1.921454331494819368
1.609558396967319949
1.946312954800930584
1.963706683135612252
1.700033080302346011
1.655106006018310039
1.907083196578308160
1.809582174335946148
1.652634953767796677
1.926597148742557941
1.702556120119153471
1.627967591102948974
1.724644431089616514
1.978227150770888620
1.924809505827975498
1.897479131442934897
1.854177134090260415
1.939712197304800156
1.818980188667686848
1.929507317689848289
1.866312925087975083
1.772431292410738601
1.948304537732171049
1.752347789448111648
1.670213404873484464
1.600436172384521072
1.662396277269997391
1.812631887843225487
1.831467698533209232
1.666507764021856852
1.733672616776050335
1.876620397010648755
1.820296359056102542
1.652396290061099116
1.815160685695052178
1.689486053966570367
1.638583902658277136
1.789318690691774849
1.686535123490671362
1.601670515520619675
1.881785622351110909
1.884581853298641807
1.897977094411078536
1.717557996505919338
1.721971314592490199
1.937013585665638082
1.798268242683979778
1.698672283284960338
1.701702543890069030
1.752715093152449333
1.670144548564698184
1.654403013690651347
1.792074442360938713
1.749603708315298212
1.664927449640969392
1.889727292477064280
1.764192247604404518
1.676793838163666450
1.933475093556751512
1.771562764785160171
1.833596408226415120
1.987615139907700446
1.895779839880026962
1.905630067090530400
1.916009968612799153
1.846964780651981997
1.654490794762303318
1.843104490774144733
1.971475356720900685
1.688587192059551656
1.765724596685276371
1.750522571805045446
1.853472484020719735
1.992550676067562421
1.705882201790576591
1.744450137090950648
1.814024431229009471
1.784928224506487027
1.655613030185782764
1.822911863596204718
1.827478701837019326
1.635325593177616277
1.626068293848619950
1.978792595195914217
1.713022557790923273
1.612569655099153509
1.680680816481040507
1.888099745178182687
1.865393215833825113
1.627327347450282957
1.604314756583550938
1.798046096050446740
1.892340216008193465
1.628097336689227737
1.759123404418509340
1.897333516924136987
1.882368410870712161
1.925217511845760843
1.697371890081766477
1.931001449769759848
1.901103380250911634
1.958543106334651007
1.850453138901135608
1.732834852398344117
1.753367134883182521
1.884423261691937856
1.785710156374478164
1.933160826469755733
1.964841932275217751
1.711912433714476656
1.723628099477428233
1.731073607101421663
1.730484131218266830
1.637148260956666546
1.742222061263400068
1.738830385450361060
1.677044591404960761
1.677130308714475992
1.817076346249679730
1.912023937679137475
1.730891550032648496
1.706330128404015101
1.818888394381230400
1.855746157716513522
1.926011614863222920
1.761425057398093186
1.626980576396262812
1.754398830793448161
1.670872384961034962
1.961244559795793929
1.999096972291215968
1.767179109690426353
1.971537203015383710
1.902292925215076647
1.944330725059531861
1.782487571287185268
1.833621933078463329
1.719037126314267194
1.686854858424527093
1.760264886522514338
1.838440033818883546
1.999364230298648071
1.669674727320844543
1.888851304551284471
1.963950371097539671
1.991088364924501253
1.805880663845232714
1.957383623956643781
1.792928577176425620
1.635680949289421537
1.712173196119257446
1.740442660370573380
1.979238812541905146
1.641035692446529692
1.634055253663486917
1.646576811020280973
1.702504999318748657
1.725048898656607044
1.811665987697543834
1.992141871436497791
1.924933800959128583
1.839592020855298937
1.709991559407819883
1.616340075143085864
1.795296025548079655
1.930014752787367893
1.994122740064723232
1.650445848867033938
1.644863862072691196
1.747791520141338317
1.638876900368198219
1.633164283631557634
1.745410544186704049
1.868561194863038732
1.673238097793191548
1.908153759094697088
1.771650421568417455
1.904869125038179956
1.701008622804784487
1.919289713055843283
1.906310880258024865
1.692681372573886733
1.802780551805701847
1.950554412122227799
1.832796020042780416
1.954229983592703501
1.648844278695536181
1.892847424366711495
1.956835257371778214
1.876495500978734299
1.688113480073877293
1.676289844657793848
1.724144013978875956
1.999018973007983480
1.840371874739573421
1.800698167998772137
1.734712905448174691
1.804253199609532121
1.645515566854286238
1.957243740191610515
1.760605134055849508
1.906017089374380635
1.962842027240269349
1.820076611421485913
1.609473393560524102
1.601449494509874727
1.798795369002440081
1.655903401301137112
1.666281417476328519
1.922080293342993684
1.696262811017276828
1.711142775774739500
1.755822651150360292
1.885563290576454332
1.642218734526208479
1.824954365436771031
1.616290453056229870
1.974049348912587654
1.639448194850016360
1.646339987423861562
1.780274736236622468
1.739359082873082274
1.717222634395761283
1.620772951269445095
1.705734879524418490
1.703034894861290782
1.932065701510204292
1.814328678939124417
1.717805349650245672
1.775395612864850703
1.769943843190210364
1.902155116669199897
1.959080361239415424
1.964844909559516406
1.642516434654392787
1.715796477933417608
1.620287901461171076
1.964906568623907113
1.614118567689401651
1.895018579014016158
1.949264009290439414
1.924543328242680040
1.620829550731201829
1.745631404995453329
1.913741275765745486
1.840779969200463606
1.920654750584770420
1.899245002621466893
1.665972274289350796
1.648947734376549956
1.910943995560695496
1.808374405097581628
1.998087141240735942
1.622944947557844797
1.990794514158311657
1.972908527658345790
1.727671966147766192
1.609030520614131099
1.903942993303137543
1.986879652307184330
1.680078260021489189
1.675057586376885510
1.929327846666731627
1.682407551319389016
1.869262905344607928
1.660924286012609663
1.618664161622326736
1.897545352155560749
1.613123218440081663
1.899625972193033974
1.896359620951201475
1.755088394491034709
1.892185603742347011
1.846464336385039928
1.961142214802646500
1.796610366417622728
1.948863237260043180
1.883697785249525358
1.998284642286586532
1.908913143924286571
1.793957060883828669
1.784648780393393253
1.664682357339227758
1.907147955553106566
1.806763483336240705
1.986539665201637828
1.834802591872287225
1.994105139398789195
1.885070650162561590
1.896667406157178215
1.837534037912582185
1.840238342811462591
1.967365158431553018
1.655581488094384213
1.813724647131015111
1.744391088777655030
1.618646598665458125
1.824526931722624257
1.960040207899324205
1.893166710736855718
1.942723653264997408
1.626576117904371399
1.719926284787174353
1.824848677396498919
1.893883230339383550
1.710797648908262136
1.968770739686575455
1.877068158429902711
1.687584064703732789
1.936255894984185044
1.743684371978004854
1.703268072385520027
1.904668895400554396
1.652186480044985029
1.945779377669648369
1.820293067386497876
1.668106903903514571
1.741190168795350601
1.998163503935867613
1.755882397485903024
1.692712451712408361
1.908247549864898751
1.958431084959547208
1.718179830760259597
1.698819027029139672
1.677401764566951003
1.909192187385325035
1.931078611271744183
1.848651702981781053
1.853872463718043484
1.949358849978584995
1.887399152600902630
1.676672461885325260
1.801916360531084838
1.700208454521783707
1.766145564052619354
1.617601482385821798
1.903129948502327196
1.639864745109037569
1.953934854580887226
1.646377477079813190
1.907622904082221460
1.707682505332859924
1.679444327493655020
1.897202615252544300
1.710258129526712967
1.765106522495482055
1.984597631008366392
1.874095786936202046
1.713148283586010123
1.948635790856736216
1.639353219250651250
1.982019555522980259
1.861686658399551719
1.910004822791142809
1.754453520551647161
1.990765186734384073
1.751560470783948720
1.821298314133553031
1.710779513493535298
1.795045509989658727
1.972024544027946247
1.982933126595692208
1.819443986932508972
1.776851965171821979
1.721228335888990157
1.735500014404001368
1.815906541542323005
1.892897794423014535
1.607491046704381477
1.951567234389642413
1.835495881428134579
1.966741482883269665
1.675327246873828724
1.842983902698395626
1.636916893101642012
1.836722509517628721
1.720999528767818809
1.737122126299773583
1.710697372009990946
1.774869365742044680
1.617303175750081090
1.774798973842795613
1.780424345311081735
1.947851059136489260
1.673607852878248980
1.806989431504692156
1.984129241126003862
1.618797902278262146
1.683644509536482925
1.657983358819770769
1.831778386918810897
1.834383399991615038
1.681507810617991705
1.784371314992373003
1.727322267983062876
1.766747482603834074
1.648961789613832885
1.813709749272948368
1.924800715233449644
1.799311735484265817
1.630329853049605759
1.749210455159162070
1.868527904106053850
1.627123388186671793
1.781919575831913294
1.889835442205602956
1.980566148447992614
1.718194814574385942
1.755620473519972524
1.696290995718449324
1.838549263021876712
1.932172243138094325
1.760245200595044190
1.817072692764993169
1.698937540931589441
1.953340236944287600
1.715694753442050802
1.668299633871020760
1.964834870420648194
1.890707420085308899
1.852831101865567431
1.716225171857687748
1.722434300780641525
1.971514423720288400
1.849267221076641654
1.778896434724127396
1.865000808082224015
1.945271608323484447
1.898642216496133406
1.665567895050340086
1.912112309754451012
1.825468289216534590
1.649273580906714054
1.972428000540445980
1.833868630131948008
1.933001533837133579
1.936399942176821876
1.777066439322154467
1.938303734969673231
1.901840457760362257
1.931831931906461408
1.657494660141575205
1.674744636783106255
1.752347540945066395
1.816496156990501820
1.807242273795441223
1.756984235853598308
1.992722026825765269
1.976883907267648732
1.982937295018440738
1.754220661065572395
1.624389291489329867
1.855122835744459353
1.663018656905716375
1.949485688573591391
1.972042039098822030
1.751947423158431327
1.903016742656638449
1.994185422709599198
1.772312091035500581
1.877528367491882122
1.797568378000958367
1.892431464694315668
1.743337006690550028
1.847370558573338872
1.970036840517958909
1.630543983278053943
1.745739887933882573
1.988700979016443382
1.636839408919968708
1.624527214935149289
1.810706648900533677
1.746012483383978742
1.949607532678598876
1.718904513026232816
1.643628210435774006
1.998719085325445732
1.644504526925690602
1.739233265081333579
1.992806079442061007
1.840159364623381588
1.604348625875533507
1.757805239883851289
1.887999378573239184
1.941051091340252777
1.645145815684251778
1.989883077411130019
1.980353099984669463
1.790668952324547591
1.838248478848635958
1.812500002884461781
1.808964077064503018
1.696450113110206326
1.904091364924437313
1.601231367415674178
1.998353265424066993
1.897353864391756240
1.793983520809963705
1.683208441736406380
1.637578886148343349
1.624025496504324373
1.733885266436838712
1.944567987557558553
1.978523073937900723
1.644319420859182035
1.846124622581846175
1.703519513125480556
1.985982038408751649
1.700850614876000755
1.695512304168419249
1.964196753738725043
1.679407883094249820
1.742568489308937041
1.975922728406894091
1.973982633535745768
1.841778779436890723
1.923599949931268149
1.656574275976531396
1.747488145307010798
1.603981351249810672
1.814144628733328490
1.889165478836314582
1.719542568133366922
1.896305851476828952
1.835673904403136936
1.787325775568560093
1.985135449270407193
1.836165570531022695
1.709646637847827222
1.886530368037641070
1.627885649046577399
1.932501529874869339
1.667283767857364873
1.668468512079840815
1.833211272944962777
1.999488140841272132
1.750768612318187145
1.833754548190467570
1.925447723678785250
1.723481637854261450
1.985381109863037175
1.969065814338407883
1.669678597507910478
1.772314344107298600
1.723786038345610283
1.752700354441100172
1.665081445722894848
1.679070495268015550
1.946061481953668348
1.753504890532875171
1.617450870642898053
1.828181418040457196
1.801738611193714812
1.799177232093253975
1.701563513489430912
1.840931216313226759
1.608584231846838186
1.731956411699791420
1.792227871973340880
1.896226893059074214
1.686884781377298248
1.637367626320465286
1.780589771186821269
1.871758856917151714
1.757479671438177293
1.943616627703848909
1.789456103491327221
1.882177646629062284
1.669331280249155780
1.653407732119848594
1.930940705215156150
1.878554638674164501
1.699465321977310817
1.699096336558801879
1.891360448407193973
1.677167394357361063
1.693309132699095443
1.664050223149501129
1.845358727992359338
1.667247578829966104
1.605701091710264095
1.923484577699253739
1.601518530461318868
1.813807772549944630
1.681923496074870572
1.738418298624920144
1.829022903469327943
1.773016077212697050
1.675670136559894496
1.882316067499112178
1.944142699317271905
1.663238819287759407
1.778522441140441224
1.701545158939980151
1.911573382743491312
1.616869736794252610
1.750680134320251602
1.658681821694597325
1.622502112446110978
1.677491811900737817
1.940116552961140162
1.741012151112484752
1.965732313048661917
1.807251632837642230
1.776903193530392722
1.801026324959857705
1.906983143635611500
1.828526629696545003
1.638917255036728360
1.666092108800057536
1.819563230862194514
1.832338119738840865
1.845126168099706199
1.905678064459377596
1.928458704194627060
1.747330032676110534
1.755904564423488967
1.641666432751714977
1.967835448927297781
1.770721876209876644
1.750448287180353946
1.682983477251444926
1.796796842623489265
1.602608503021053066
1.768183782739136234
1.608761989092880373
1.907587299090007349
1.649026576148699075
1.915340517324539693
1.741505719486303505
1.947655861926204324
1.600459830338326395
1.954375006293095351
1.687198073036613843
1.714896417218512603
1.837157151207637895
1.847104063960355091
1.762135206026035128
1.844298410384288323
1.888576832921152082
1.856626066305967271
1.786571827990623307
1.704840451068319496
1.617329099887899524
1.915155510239106462
1.648845478001913945
1.732907322055893928
1.864179188625921135
1.749748507745821247
1.653377114214344745
1.903112016982275279
1.946405219070503012
1.816857309312183588
1.702853696960031638
1.888402026523565702
1.972212049561016700
1.640013771595200565
1.615670918180737159
1.617303035613983031
1.997227214904344184
1.896573730820565462
1.810398740634396431
1.775480065308912891
1.665104829411421239
1.767902727345658676
1.815245290178420179
1.996069309823915283
1.971905625019468644
1.680223082664437095
1.951674051486880002
1.998362793795298797
1.949141382345646933
1.697292409382645584
1.703772153757384222
1.933125921762777422
1.780058468460823162
1.719869938337093007
1.792380595650792996
1.619928942118651127
1.673874155585466594
1.652438925257262436
1.891370269007310867
1.707888311223369371
1.744249851915582905
1.857969557567238583
1.971184032412393927
1.708745231358158589
1.653625464803170741
1.813730349896616634
1.620766436982283176
1.917258388324481588
1.844378240755048415
1.819753214735050140
1.622512102306709725
1.754894331454402101
1.725265530288917715
1.863934876734295809
1.668494882253880984
1.658150737866143754
1.949039541444837598
1.847517579025614198
1.989552883148957951
1.730220092295503109
1.835858812172532994
1.609610484832619370
1.687497770838682687
1.632536690533558543
1.660392829918805102
1.865638112417487005
1.771069927161087021
1.914153241854208876
1.823094249525145427
1.606020256096703847
1.635767909517320096
1.911644259161816795
1.860722831360553942
1.616465407788694852
1.833247565887876407
1.713078863978524158
1.921267008665737297
1.666167736269926314
1.884792133180350104
1.903738911117572652
1.875467295388316247
1.956100262624301811
1.794283954587239771
1.793280580013452585
1.868463658700806773
1.786463337169218457
1.787752998726850340
1.727677828784394354
1.672368955965865656
1.927470888902935053
1.649197102481509747
1.748020027247143116
1.735550529485310189
1.677446678500597921
1.874346933843286322
1.803346080046299926
1.899237745552157630
1.977895214336695906
1.966588065930844120
1.689211364647071001
1.638993276816730127
1.615494187075117383
1.749367564582529067
1.736547111562990686
1.828395681612114965
1.790995201761296673
1.934852954493081256
1.936569027746825711
1.897453642195091827
1.862446642287105103
1.816712950946034022
1.978838685411033360
1.770804943728569336
1.831265129876832987
1.786765514023751278
1.943551387882481274
1.801684074175092576
1.891018722589043799
1.998675380860927220
1.812573080102241052
1.738475101940464729
1.916751877296722917
1.644029120740452266
1.624707620249534745
1.631438321994969076
1.677824534089390696
1.907027817256029767
1.754511950928285824
1.734582267551592505
1.754061703117449023
1.740043200565680070
1.888277299398356313
1.738971386059442015
1.971502237953163927
1.883727152312606901
1.891560359652117329
1.938290650735811305
1.749738596865167306
1.994157052638950933
1.759250002105194666
1.893423172198963833
1.867828820317214422
1.702922556484762096
1.640092232149509055
1.656976473357193447
1.689070714514173233
1.784826885202682956
1.991834991553639078
1.997411315237444418
1.802301404912683536
1.964890438781832893
1.881619232176018786
1.901551927586259350
1.981444732984210422
1.715982584035154357
1.955061239769698478
1.668981155633078028
1.929685160757108164
1.803573528764750522
1.938388497490338258
1.722349434392446144
1.613020368736313603
1.740587181596627619
1.937038559307839192
1.791667664571508167
1.924084871146852116
1.947820691821548600
1.967197927629757315
1.608354382008918781
1.890853473346822300
1.708239653762492427
1.977390721309988386
1.825939338263190548
1.763989006367586931
1.796690197915651988
1.634275939560553947
1.962321876083488625
1.903691758003887680
1.767597303102697692
1.802969240414214802
1.810052258082928356
1.648848795992789329
1.639742495307319636
1.605847412662216422
1.693200728696347301
1.727328857830058295
1.942273470012674919
1.651338348043498883
1.709876273603383012
1.983522367019700861
1.697856223054879710
1.790050069705128699
1.736952644423538583
1.601308122883091212
1.793167029364223231
1.690504323962396027
1.643663045745215934
1.830748429293809876
1.886851233009855910
1.703786281335018415
1.643282154358023384
1.665506644160239080
1.706233439016677345
1.876704569921980870
1.911934154923608409
1.992029386342623942
1.827179953319350902
1.769100914664862190
1.600010819799513540
1.813853639631329617
1.644581597860808930
1.690544066699983805
1.617784522413947990
